503
0 4 -1
1 4 1
2 4 -1
3 4 1
0 5 -1
1 5 1
2 5 1
3 5 1
0 6 1
1 6 -1
2 6 1
3 6 1
0 7 -1
1 7 1
2 7 -1
3 7 1
4 12 -1
8 12 1
9 12 -1
10 12 -1
11 12 -1
5 13 -1
8 13 1
9 13 -1
10 13 -1
11 13 1
6 14 1
8 14 -1
9 14 -1
10 14 1
11 14 1
7 15 -1
8 15 -1
9 15 -1
10 15 -1
11 15 -1
12 20 -1
16 20 -1
17 20 -1
18 20 -1
19 20 -1
13 21 1
16 21 1
17 21 -1
18 21 1
19 21 -1
14 22 1
16 22 1
17 22 -1
18 22 1
19 22 1
15 23 -1
16 23 1
17 23 1
18 23 1
19 23 -1
20 28 -1
24 28 1
25 28 -1
26 28 -1
27 28 -1
21 29 1
24 29 -1
25 29 -1
26 29 -1
27 29 1
22 30 -1
24 30 -1
25 30 -1
26 30 1
27 30 1
23 31 1
24 31 -1
25 31 1
26 31 -1
27 31 1
28 36 -1
32 36 1
33 36 1
34 36 1
35 36 1
29 37 1
32 37 1
33 37 1
34 37 -1
35 37 -1
30 38 1
32 38 -1
33 38 -1
34 38 -1
35 38 -1
31 39 -1
32 39 1
33 39 1
34 39 1
35 39 1
36 44 -1
40 44 1
41 44 1
42 44 1
43 44 -1
37 45 1
40 45 -1
41 45 -1
42 45 -1
43 45 1
38 46 -1
40 46 1
41 46 1
42 46 -1
43 46 1
39 47 1
40 47 -1
41 47 -1
42 47 1
43 47 1
44 52 -1
48 52 1
49 52 1
50 52 1
51 52 1
45 53 -1
48 53 -1
49 53 -1
50 53 1
51 53 1
46 54 -1
48 54 1
49 54 -1
50 54 -1
51 54 -1
47 55 -1
48 55 1
49 55 -1
50 55 -1
51 55 -1
52 60 1
56 60 -1
57 60 -1
58 60 1
59 60 -1
53 61 1
56 61 1
57 61 -1
58 61 1
59 61 1
54 62 -1
56 62 1
57 62 -1
58 62 -1
59 62 -1
55 63 -1
56 63 1
57 63 1
58 63 -1
59 63 -1
0 64 -1
1 65 -1
2 66 1
3 67 -1
64 68 1
65 68 -1
66 68 1
67 68 1
64 69 -1
65 69 1
66 69 -1
67 69 1
64 70 1
65 70 1
66 70 -1
67 70 1
64 71 1
65 71 -1
66 71 1
67 71 -1
8 72 -1
9 73 1
11 74 1
68 75 1
72 75 -1
73 75 -1
74 75 -1
69 76 1
72 76 1
73 76 -1
74 76 -1
70 77 -1
72 77 -1
73 77 -1
74 77 1
71 78 1
72 78 -1
73 78 -1
74 78 -1
16 79 -1
17 80 -1
18 81 -1
19 82 -1
75 83 1
79 83 1
80 83 1
81 83 -1
82 83 1
76 84 1
79 84 1
80 84 -1
81 84 1
82 84 -1
77 85 1
79 85 1
80 85 1
81 85 1
82 85 1
78 86 -1
79 86 -1
80 86 -1
81 86 -1
82 86 -1
24 87 -1
25 88 -1
26 89 1
27 90 -1
83 91 -1
87 91 1
88 91 -1
89 91 -1
90 91 -1
84 92 1
87 92 1
88 92 -1
89 92 1
90 92 -1
85 93 1
87 93 1
88 93 1
89 93 -1
90 93 -1
86 94 -1
87 94 -1
88 94 1
89 94 1
90 94 -1
32 95 1
33 96 -1
34 97 -1
35 98 -1
91 99 1
95 99 -1
96 99 1
97 99 1
98 99 1
92 100 1
95 100 -1
96 100 1
97 100 1
98 100 1
93 101 -1
95 101 1
96 101 -1
97 101 -1
98 101 1
94 102 -1
95 102 -1
96 102 -1
97 102 1
98 102 -1
40 103 -1
41 104 1
42 105 -1
43 106 -1
99 107 -1
103 107 -1
104 107 -1
105 107 -1
106 107 -1
100 108 -1
103 108 1
104 108 -1
105 108 -1
106 108 -1
101 109 -1
103 109 -1
104 109 -1
105 109 -1
106 109 1
102 110 -1
103 110 1
104 110 1
105 110 -1
106 110 -1
48 111 1
49 112 1
50 113 1
51 114 -1
107 115 -1
111 115 1
112 115 1
113 115 -1
114 115 1
108 116 -1
111 116 -1
112 116 -1
113 116 -1
114 116 1
109 117 -1
111 117 -1
112 117 -1
113 117 1
114 117 1
110 118 1
111 118 1
112 118 -1
113 118 1
114 118 1
56 119 1
57 120 1
59 121 1
115 122 1
119 122 -1
120 122 -1
121 122 -1
116 123 1
119 123 1
120 123 -1
121 123 1
117 124 1
119 124 1
120 124 1
121 124 -1
118 125 1
119 125 -1
120 125 1
121 125 -1
64 126 1
65 127 -1
66 128 -1
67 129 -1
126 130 1
127 130 -1
128 130 1
129 130 1
126 131 1
127 131 1
128 131 1
129 131 1
126 132 -1
127 132 1
128 132 -1
129 132 -1
126 133 1
127 133 -1
128 133 1
129 133 1
72 134 -1
73 135 -1
74 137 -1
131 138 -1
134 138 -1
135 138 1
136 138 1
137 138 1
132 139 1
134 139 1
135 139 1
136 139 1
137 139 -1
133 140 -1
134 140 -1
135 140 1
136 140 -1
137 140 -1
79 141 1
80 142 1
81 143 1
82 144 -1
141 145 -1
142 145 1
143 145 -1
144 145 1
138 146 -1
141 146 1
142 146 1
143 146 -1
144 146 1
139 147 -1
141 147 1
142 147 -1
143 147 -1
144 147 -1
140 148 -1
141 148 -1
142 148 -1
143 148 1
144 148 1
87 149 1
88 150 1
89 151 1
90 152 1
145 153 -1
149 153 -1
150 153 -1
151 153 1
152 153 -1
146 154 1
149 154 -1
150 154 -1
151 154 -1
152 154 -1
147 155 1
149 155 1
150 155 -1
151 155 -1
152 155 1
148 156 -1
149 156 1
150 156 1
151 156 -1
152 156 1
95 157 -1
96 158 1
97 159 1
98 160 -1
153 161 -1
157 161 1
158 161 -1
159 161 1
160 161 -1
154 162 -1
157 162 1
158 162 1
159 162 -1
160 162 -1
155 163 1
157 163 -1
158 163 1
159 163 1
160 163 1
156 164 -1
157 164 1
158 164 -1
159 164 -1
160 164 -1
103 165 1
104 166 1
105 167 -1
106 168 1
161 169 1
165 169 -1
166 169 1
167 169 -1
168 169 -1
162 170 -1
165 170 -1
166 170 -1
167 170 1
168 170 -1
163 171 -1
165 171 1
166 171 1
167 171 1
168 171 -1
164 172 -1
165 172 -1
166 172 1
167 172 1
168 172 1
111 173 1
112 174 1
113 175 -1
114 176 1
169 177 -1
173 177 1
174 177 1
175 177 1
176 177 -1
170 178 1
173 178 1
174 178 -1
175 178 -1
176 178 1
171 179 -1
173 179 1
174 179 1
175 179 1
176 179 1
172 180 -1
173 180 1
174 180 1
175 180 -1
176 180 -1
119 181 -1
120 182 -1
121 184 -1
177 185 1
181 185 1
182 185 1
183 185 1
184 185 -1
178 186 1
181 186 1
182 186 -1
183 186 1
184 186 -1
179 187 1
181 187 1
182 187 -1
183 187 -1
184 187 1
180 188 1
181 188 -1
182 188 1
183 188 -1
184 188 -1
126 189 -1
127 190 1
128 191 -1
129 192 1
189 193 1
190 193 1
191 193 -1
192 193 -1
189 194 -1
190 194 -1
191 194 1
192 194 1
189 195 1
190 195 -1
191 195 -1
192 195 -1
189 196 1
190 196 -1
191 196 1
192 196 1
134 197 1
135 198 1
136 199 1
137 200 1
193 201 -1
197 201 1
198 201 1
199 201 1
200 201 -1
194 202 -1
197 202 1
198 202 -1
199 202 1
200 202 -1
195 203 1
197 203 -1
198 203 -1
199 203 1
200 203 1
196 204 1
197 204 -1
198 204 -1
199 204 1
200 204 1
141 205 -1
142 206 -1
143 207 -1
144 208 -1
201 209 -1
205 209 1
206 209 1
207 209 1
208 209 1
202 210 -1
205 210 -1
206 210 -1
207 210 -1
208 210 1
203 211 1
205 211 1
206 211 1
207 211 1
208 211 -1
204 212 -1
205 212 -1
206 212 1
207 212 1
208 212 -1
149 213 -1
150 214 -1
151 215 -1
152 216 -1
209 217 1
213 217 -1
214 217 -1
215 217 -1
216 217 -1
210 218 -1
213 218 -1
214 218 1
215 218 1
216 218 -1
211 219 1
213 219 -1
214 219 1
215 219 1
216 219 -1
212 220 1
213 220 -1
214 220 -1
215 220 -1
216 220 1
157 221 -1
158 222 -1
159 223 1
160 224 1
217 225 -1
221 225 1
222 225 1
223 225 -1
224 225 -1
218 226 1
221 226 1
222 226 -1
223 226 1
224 226 -1
219 227 1
221 227 -1
222 227 1
223 227 1
224 227 -1
220 228 -1
221 228 1
222 228 1
223 228 -1
224 228 1
165 229 1
166 230 -1
167 231 -1
168 232 1
225 233 1
229 233 -1
230 233 1
231 233 -1
232 233 1
226 234 1
229 234 1
230 234 1
231 234 -1
232 234 1
227 235 -1
229 235 1
230 235 1
231 235 -1
232 235 -1
228 236 -1
229 236 -1
230 236 -1
231 236 -1
232 236 1
173 237 1
174 238 1
175 239 1
176 240 1
233 241 1
237 241 1
238 241 -1
239 241 -1
240 241 1
234 242 1
237 242 1
238 242 1
239 242 -1
240 242 1
235 243 1
237 243 1
238 243 -1
239 243 -1
240 243 -1
236 244 1
237 244 1
238 244 1
239 244 -1
240 244 -1
181 245 -1
182 246 1
183 247 -1
184 248 -1
241 249 -1
245 249 1
246 249 1
247 249 1
248 249 1
242 250 1
245 250 -1
246 250 -1
247 250 1
248 250 1
243 251 -1
245 251 -1
246 251 1
247 251 -1
248 251 -1
244 252 1
245 252 1
246 252 -1
247 252 1
248 252 1
189 253 1
190 254 1
191 255 -1
192 256 -1
253 257 1
254 257 1
255 257 1
256 257 1
253 258 1
254 258 -1
255 258 1
256 258 -1
253 259 -1
254 259 -1
255 259 1
256 259 -1
253 260 1
254 260 1
255 260 1
256 260 -1
197 261 1
198 262 -1
199 263 -1
200 264 1
257 265 1
261 265 1
262 265 -1
263 265 1
264 265 1
258 266 1
261 266 -1
262 266 1
263 266 1
264 266 -1
259 267 1
261 267 -1
262 267 -1
263 267 1
264 267 1
260 268 -1
261 268 -1
262 268 1
263 268 1
264 268 -1
205 269 1
206 270 1
207 271 -1
208 272 -1
265 273 -1
269 273 -1
270 273 1
271 273 -1
272 273 -1
266 274 -1
269 274 -1
270 274 1
271 274 -1
272 274 1
267 275 -1
269 275 -1
270 275 -1
271 275 1
272 275 1
268 276 1
269 276 1
270 276 1
271 276 1
272 276 1
213 277 -1
214 278 1
215 279 -1
216 280 -1
273 281 1
277 281 1
278 281 -1
279 281 -1
280 281 1
274 282 1
277 282 -1
278 282 1
279 282 -1
280 282 -1
275 283 -1
277 283 1
278 283 -1
279 283 1
280 283 -1
276 284 1
277 284 -1
278 284 1
279 284 -1
280 284 1
221 285 -1
222 286 1
223 287 -1
224 288 1
281 289 1
285 289 -1
286 289 -1
287 289 1
288 289 -1
282 290 1
285 290 -1
286 290 -1
287 290 1
288 290 1
283 291 1
285 291 -1
286 291 1
287 291 -1
288 291 -1
284 292 1
285 292 -1
286 292 1
287 292 1
288 292 -1
229 293 1
230 294 1
231 295 -1
232 296 -1
289 297 1
293 297 -1
294 297 -1
295 297 1
296 297 1
290 298 1
293 298 -1
294 298 -1
295 298 -1
296 298 -1
291 299 -1
293 299 1
294 299 -1
295 299 1
296 299 -1
292 300 1
293 300 -1
294 300 1
295 300 -1
296 300 1
237 301 1
238 302 -1
239 303 1
240 304 -1
297 305 1
301 305 1
302 305 -1
303 305 1
304 305 1
298 306 -1
301 306 1
302 306 1
303 306 -1
304 306 -1
299 307 1
301 307 -1
302 307 -1
303 307 1
304 307 -1
300 308 -1
301 308 -1
302 308 -1
303 308 1
304 308 1
245 309 -1
246 310 -1
247 311 1
248 312 1
305 313 -1
309 313 -1
310 313 -1
311 313 1
312 313 -1
306 314 1
309 314 -1
310 314 1
311 314 1
312 314 1
307 315 1
309 315 1
310 315 -1
311 315 1
312 315 1
308 316 1
309 316 1
310 316 1
311 316 -1
312 316 -1
253 317 1
254 318 -1
255 319 -1
256 320 -1
317 321 -1
318 321 -1
319 321 1
320 321 1
317 322 -1
318 322 -1
319 322 -1
320 322 1
317 323 1
318 323 1
319 323 1
320 323 1
317 324 -1
318 324 1
319 324 -1
320 324 1
261 325 -1
262 326 1
263 327 -1
264 328 1
321 329 1
325 329 -1
326 329 -1
327 329 -1
328 329 -1
322 330 1
325 330 -1
326 330 -1
327 330 -1
328 330 -1
323 331 -1
325 331 -1
326 331 1
327 331 -1
328 331 -1
324 332 1
325 332 -1
326 332 -1
327 332 -1
328 332 -1
269 333 1
270 334 -1
271 335 -1
272 336 1
329 337 -1
333 337 -1
334 337 1
335 337 -1
336 337 -1
330 338 -1
333 338 1
334 338 1
335 338 -1
336 338 -1
331 339 1
333 339 1
334 339 1
335 339 -1
336 339 -1
332 340 1
333 340 1
334 340 1
335 340 1
336 340 1
277 341 1
278 342 1
279 343 1
280 344 1
337 345 1
341 345 -1
342 345 1
343 345 1
344 345 -1
338 346 1
341 346 1
342 346 1
343 346 1
344 346 -1
339 347 -1
341 347 1
342 347 -1
343 347 -1
344 347 -1
340 348 -1
341 348 -1
342 348 1
343 348 -1
344 348 1
285 349 -1
286 350 -1
287 351 1
288 352 1
345 353 -1
349 353 1
350 353 -1
351 353 1
352 353 -1
346 354 1
349 354 -1
350 354 -1
351 354 -1
352 354 1
347 355 1
349 355 1
350 355 -1
351 355 1
352 355 -1
348 356 1
349 356 -1
350 356 -1
351 356 1
352 356 -1
294 357 1
295 358 1
296 359 -1
353 360 1
357 360 1
358 360 -1
359 360 1
354 361 1
357 361 1
358 361 1
359 361 1
356 362 1
357 362 1
358 362 1
359 362 1
301 363 -1
302 364 -1
303 365 -1
304 366 -1
360 367 -1
363 367 1
364 367 -1
365 367 -1
366 367 -1
361 368 1
363 368 -1
364 368 -1
365 368 1
366 368 -1
363 369 -1
364 369 -1
365 369 -1
366 369 -1
362 370 1
363 370 -1
364 370 1
365 370 1
366 370 -1
309 371 -1
310 372 1
311 373 1
312 374 1
367 375 1
371 375 1
372 375 1
373 375 1
374 375 -1
369 376 1
371 376 -1
372 376 -1
373 376 1
374 376 1
370 377 1
371 377 -1
372 377 1
373 377 1
374 377 1
317 378 -1
318 379 -1
319 380 1
320 381 -1
378 382 -1
379 382 -1
380 382 1
381 382 1
378 383 -1
379 383 -1
380 383 1
381 383 1
378 384 1
379 384 1
380 384 1
381 384 -1
325 385 -1
326 386 -1
327 387 1
382 388 -1
385 388 1
386 388 -1
387 388 -1
383 389 -1
385 389 1
386 389 -1
387 389 -1
384 390 -1
385 390 1
386 390 1
387 390 -1
385 391 1
386 391 1
387 391 1
333 392 -1
334 393 1
335 394 1
336 395 -1
388 396 -1
392 396 -1
393 396 -1
394 396 1
395 396 1
389 397 -1
392 397 -1
393 397 -1
394 397 1
395 397 1
390 398 1
392 398 1
393 398 1
394 398 -1
395 398 -1
391 399 -1
392 399 -1
393 399 1
394 399 1
395 399 -1
341 400 1
342 401 1
343 402 -1
344 403 -1
396 404 -1
400 404 1
401 404 -1
402 404 1
403 404 1
397 405 -1
400 405 -1
401 405 1
402 405 1
403 405 -1
398 406 -1
400 406 -1
401 406 1
402 406 1
403 406 -1
399 407 -1
400 407 -1
401 407 -1
402 407 1
403 407 -1
349 408 1
350 409 -1
351 410 -1
352 411 1
404 412 -1
408 412 -1
409 412 1
410 412 1
411 412 1
405 413 1
408 413 -1
409 413 1
410 413 1
411 413 -1
406 414 1
408 414 1
409 414 1
410 414 -1
411 414 1
357 416 -1
358 417 1
359 418 -1
412 419 1
415 419 1
416 419 -1
417 419 1
418 419 1
413 420 -1
415 420 -1
416 420 1
417 420 1
418 420 1
414 421 1
415 421 1
416 421 1
417 421 -1
418 421 -1
415 422 -1
416 422 -1
417 422 -1
418 422 -1
363 423 -1
364 424 1
365 425 -1
366 426 -1
419 427 -1
423 427 -1
424 427 1
425 427 1
426 427 -1
420 428 1
423 428 1
424 428 -1
425 428 1
426 428 -1
421 429 -1
423 429 -1
424 429 -1
425 429 1
426 429 -1
422 430 -1
423 430 1
424 430 -1
425 430 -1
426 430 -1
371 431 1
372 432 -1
373 433 1
374 434 1
427 435 -1
431 435 -1
432 435 -1
433 435 -1
434 435 1
428 436 1
431 436 -1
432 436 -1
433 436 -1
434 436 1
429 437 1
431 437 1
432 437 -1
433 437 1
434 437 1
430 438 1
431 438 -1
432 438 1
433 438 -1
434 438 -1
378 439 1
379 440 1
380 441 -1
381 442 -1
439 443 1
440 443 -1
441 443 1
442 443 -1
439 444 -1
440 444 -1
441 444 -1
442 444 -1
439 445 1
440 445 -1
441 445 -1
442 445 -1
439 446 1
440 446 -1
441 446 1
442 446 -1
385 447 -1
386 448 1
387 449 1
443 451 1
447 451 1
448 451 -1
449 451 1
450 451 -1
444 452 1
447 452 -1
448 452 1
449 452 1
450 452 -1
445 453 1
447 453 1
448 453 -1
449 453 1
450 453 -1
446 454 1
447 454 -1
448 454 1
449 454 -1
450 454 1
392 455 -1
393 456 1
394 457 1
395 458 1
451 459 1
455 459 1
456 459 -1
457 459 1
458 459 -1
452 460 -1
455 460 1
456 460 1
457 460 -1
458 460 1
453 461 1
455 461 1
456 461 1
457 461 -1
458 461 1
454 462 1
455 462 1
456 462 -1
457 462 -1
458 462 1
400 463 1
401 464 1
402 465 1
403 466 -1
459 467 1
463 467 1
464 467 1
465 467 1
466 467 -1
460 468 -1
463 468 1
464 468 1
465 468 1
466 468 1
461 469 -1
463 469 1
464 469 -1
465 469 -1
466 469 1
462 470 -1
463 470 -1
464 470 -1
465 470 -1
466 470 1
408 471 -1
409 472 -1
410 473 1
411 474 1
467 475 1
471 475 1
472 475 1
473 475 -1
474 475 -1
468 476 -1
471 476 -1
472 476 1
473 476 1
474 476 -1
469 477 -1
471 477 -1
472 477 1
473 477 -1
474 477 1
470 478 -1
471 478 1
472 478 1
473 478 1
474 478 1
415 479 -1
416 480 1
417 481 -1
418 482 -1
475 483 -1
479 483 -1
480 483 1
481 483 1
482 483 1
476 484 1
479 484 1
480 484 -1
481 484 -1
482 484 -1
477 485 1
479 485 1
480 485 -1
481 485 -1
482 485 -1
478 486 1
479 486 1
480 486 -1
481 486 -1
482 486 1
423 487 -1
424 488 -1
425 489 1
426 490 1
483 491 -1
487 491 -1
488 491 -1
489 491 -1
490 491 -1
484 492 1
487 492 1
488 492 -1
489 492 -1
490 492 -1
485 493 -1
487 493 1
488 493 -1
489 493 -1
490 493 -1
486 494 1
487 494 -1
488 494 -1
489 494 -1
490 494 -1
431 495 1
432 496 -1
433 497 -1
434 498 1
491 499 -1
495 499 -1
496 499 1
497 499 -1
498 499 1
492 500 -1
495 500 -1
496 500 1
497 500 1
498 500 -1
493 501 1
495 501 -1
496 501 -1
497 501 -1
498 501 1
494 502 1
495 502 1
496 502 -1
497 502 1
498 502 -1
